51.82704
10.76213
51.82707
10.76209
51.82729
10.76379
51.82770
10.76610
51.82827
10.76902
51.82873
10.77147
51.82924
10.77360
51.82992
10.77509
51.83055
10.77624
51.83135
10.77772
51.83186
10.77916
51.83190
10.77939
51.83207
10.77969
51.83264
10.78025
51.83343
10.77972
51.83342
10.77973
51.83346
10.77961
51.83414
10.77904
51.83557
10.77821
51.83574
10.77771
51.83596
10.77748
51.83662
10.77932
51.83786
10.78028
51.83779
10.78259
51.83766
10.78348
51.83691
10.78329
51.83628
10.78287
51.83567
10.78365
51.83516
10.78405
51.83515
10.78408
51.83512
10.78407
51.83511
10.78406
51.83511
10.78415
51.83512
10.78409
51.83512
10.78409
51.83512
10.78409
51.83513
10.78443
51.83514
10.78551
51.83542
10.78575
51.83590
10.78586
51.83690
10.78622
51.83791
10.78650
51.83816
10.78793
51.83816
10.79069
51.83834
10.79201
51.83884
10.79170
51.83991
10.79032
51.84049
10.79058
51.84048
10.79060
51.84048
10.79061
51.84048
10.79059
51.84109
10.79151
51.84183
10.79300
51.84276
10.79298
51.84441
10.79268
51.84477
10.79266
51.84523
10.79252
51.84664
10.79202
51.84814
10.79142
51.84832
10.79117
51.84730
10.78974
51.84640
10.78842
51.84587
10.78744
51.84589
10.78741
51.84553
10.78669
51.84455
10.78539
51.84351
10.78416
51.84266
10.78294
51.84262
10.78271
51.84180
10.78219
51.84151
10.78162
51.84167
10.78013
51.84172
10.78000
51.84198
10.77774
51.84250
10.77508
51.84301
10.77306
51.84418
10.77193
51.84570
10.77163
51.84587
10.77275
51.84586
10.77276
51.84588
10.77274
51.84602
10.77306
51.84588
10.77174
51.84582
10.77127
51.84730
10.77077
51.84881
10.77025
51.84952
10.77101
51.84974
10.77247
51.84995
10.77419
51.84998
10.77429
51.85006
10.77514
51.85028
10.77650
51.85020
10.77789
51.84949
10.77919
51.84829
10.78114
51.84706
10.78245
51.84693
10.78263
51.84695
10.78264
51.84652
10.78307
51.84567
10.78291
51.84557
10.78288
51.84458
10.78278
51.84315
10.78255
51.84305
10.78251
51.84305
10.78251
51.84281
10.78246
51.84270
10.78315
51.84331
10.78404
51.84418
10.78502
51.84505
10.78620
51.84567
10.78743
51.84566
10.78750
51.84572
10.78761
51.84674
10.78916
51.84783
10.79060
51.84762
10.79135
51.84612
10.79229
51.84521
10.79224
51.84472
10.79254
51.84440
10.79264
51.84284
10.79293
51.84175
10.79272
51.84091
10.79109
51.84044
10.78997
51.84029
10.78996
51.84027
10.79002
51.84004
10.79005
51.83932
10.79067
51.83848
10.78902
51.83824
10.78868
51.83820
10.78795
51.83819
10.78795
51.83819
10.78795
51.83819
10.78795
51.83819
10.78795
51.83816
10.78752
51.83816
10.78745
51.83816
10.78745
51.83816
10.78745
51.83816
10.78745
51.83814
10.78700
51.83813
10.78689
51.83813
10.78689
51.83813
10.78689
51.83813
10.78689
51.83772
10.78639
51.83692
10.78615
51.83641
10.78592
51.83577
10.78575
51.83545
10.78577
51.83511
10.78537
51.83507
10.78441
51.83518
10.78426
51.83522
10.78424
51.83521
10.78423
51.83519
10.78425
51.83519
10.78423
51.83513
10.78386
51.83476
10.78243
51.83399
10.78139
51.83289
10.78157
51.83244
10.78155
51.83199
10.77940
51.83113
10.77716
51.83025
10.77563
51.82965
10.77434
51.82965
10.77430
51.82963
10.77426
51.82897
10.77229
51.82865
10.77074
51.82863
10.77067
51.82827
10.76879
51.82777
10.76628
51.82770
10.76578
51.82746
10.76460
51.82710
10.76197
51.82704
10.76151
51.82694
10.76048
51.82605
10.75800
51.82563
10.75699
51.82542
10.75645
51.82447
10.75447
51.82407
10.75390
51.82387
10.75357
51.82265
10.75206
51.82144
10.75052
51.82049
10.74953
51.81984
10.74765
51.81943
10.74527
51.81921
10.74335
51.81917
10.74282
51.81917
10.74282
51.81920
10.74282
51.81916
10.74251
51.81905
10.74234
51.81892
10.74232
51.81890
10.74230
51.81890
10.74230
51.81890
10.74230
51.81890
10.74230
51.81890
10.74230
51.81890
10.74230
51.81890
10.74230
51.81893
10.74231
51.81895
10.74228
51.81895
10.74225
51.81895
10.74224
51.81898
10.74225
51.81897
10.74229
51.81887
10.74239
51.81921
10.74370
51.81947
10.74577
51.81995
10.74810
51.82018
10.74882
51.82032
10.74923
51.82112
10.75026
51.82228
10.75176
51.82355
10.75341
51.82381
10.75379
51.82381
10.75379
51.82452
10.75470
51.82538
10.75669
51.82632
10.75877
51.82695
10.76107
51.82703
10.76203
51.82702
10.76204
